{
 "cells": [
  {
   "cell_type": "code",
   "execution_count": 15,
   "metadata": {},
   "outputs": [],
   "source": [
    "Project = '/Users/daehwa/Library/CloudStorage/OneDrive-Personal/Junlab/Projects/Adipocyte'\n",
    "\n",
    "import pandas as pd\n",
    "import numpy as np\n",
    "import matplotlib.pyplot as plt\n",
    "import matplotlib as mpl\n",
    "import matplotlib.cm as cm\n",
    "import copy\n",
    "from scipy.stats import pearsonr\n",
    "from scipy.stats import spearmanr\n",
    "\n",
    "plt.rcParams.update(plt.rcParamsDefault)\n",
    "\n",
    "mpl.rcParams['font.sans-serif'] = \"Arial\"\n",
    "mpl.rcParams['font.family'] = \"sans-serif\"\n",
    "\n",
    "plt.rcParams['ps.useafm']=True\n",
    "plt.rcParams['pdf.fonttype']=42\n",
    "\n",
    "plt.rc('font', size=7)          # controls default text sizes\n",
    "plt.rc('axes', titlesize=7)     # fontsize of the axes title\n",
    "plt.rc('axes', labelsize=7)    # fontsize of the x and y labels\n",
    "plt.rc('xtick', labelsize=6)    # fontsize of the tick labels\n",
    "plt.rc('ytick', labelsize=6)    # fontsize of the tick labels\n",
    "plt.rc('legend', fontsize=6)    # legend fontsize\n",
    "suptitlesize = 7\n",
    "\n",
    "plt.rc('axes', axisbelow=True) #push axes to back\n",
    "mpl.rcParams['axes.linewidth'] = 0.3"
   ]
  },
  {
   "cell_type": "code",
   "execution_count": 16,
   "metadata": {},
   "outputs": [
    {
     "data": {
      "text/html": [
       "<div>\n",
       "<style scoped>\n",
       "    .dataframe tbody tr th:only-of-type {\n",
       "        vertical-align: middle;\n",
       "    }\n",
       "\n",
       "    .dataframe tbody tr th {\n",
       "        vertical-align: top;\n",
       "    }\n",
       "\n",
       "    .dataframe thead th {\n",
       "        text-align: right;\n",
       "    }\n",
       "</style>\n",
       "<table border=\"1\" class=\"dataframe\">\n",
       "  <thead>\n",
       "    <tr style=\"text-align: right;\">\n",
       "      <th></th>\n",
       "      <th>gene_id</th>\n",
       "      <th>R4a</th>\n",
       "      <th>R4b</th>\n",
       "      <th>R4c</th>\n",
       "      <th>R8a</th>\n",
       "      <th>R8b</th>\n",
       "      <th>R8c</th>\n",
       "      <th>P4a</th>\n",
       "      <th>P4b</th>\n",
       "      <th>P4c</th>\n",
       "      <th>P8a</th>\n",
       "      <th>P8b</th>\n",
       "      <th>P8c</th>\n",
       "      <th>PT4a</th>\n",
       "      <th>PT4b</th>\n",
       "      <th>PT4c</th>\n",
       "      <th>PT8a</th>\n",
       "      <th>PT8b</th>\n",
       "      <th>PT8c</th>\n",
       "    </tr>\n",
       "  </thead>\n",
       "  <tbody>\n",
       "    <tr>\n",
       "      <th>0</th>\n",
       "      <td>ENSMUSG00000033845</td>\n",
       "      <td>2.328807</td>\n",
       "      <td>1.240543</td>\n",
       "      <td>2.190597</td>\n",
       "      <td>2.424463</td>\n",
       "      <td>2.546298</td>\n",
       "      <td>2.222109</td>\n",
       "      <td>1.657804</td>\n",
       "      <td>1.171514</td>\n",
       "      <td>1.997305</td>\n",
       "      <td>2.082672</td>\n",
       "      <td>2.105181</td>\n",
       "      <td>1.858454</td>\n",
       "      <td>1.184846</td>\n",
       "      <td>0.621893</td>\n",
       "      <td>1.141637</td>\n",
       "      <td>1.027750</td>\n",
       "      <td>1.049786</td>\n",
       "      <td>0.911146</td>\n",
       "    </tr>\n",
       "    <tr>\n",
       "      <th>1</th>\n",
       "      <td>ENSMUSG00000025903</td>\n",
       "      <td>0.906135</td>\n",
       "      <td>0.151299</td>\n",
       "      <td>0.634721</td>\n",
       "      <td>1.300843</td>\n",
       "      <td>0.700849</td>\n",
       "      <td>0.680691</td>\n",
       "      <td>0.711222</td>\n",
       "      <td>0.614390</td>\n",
       "      <td>0.798206</td>\n",
       "      <td>0.835895</td>\n",
       "      <td>0.862427</td>\n",
       "      <td>0.345544</td>\n",
       "      <td>0.362965</td>\n",
       "      <td>0.192166</td>\n",
       "      <td>0.237856</td>\n",
       "      <td>0.711028</td>\n",
       "      <td>0.791022</td>\n",
       "      <td>0.580828</td>\n",
       "    </tr>\n",
       "    <tr>\n",
       "      <th>2</th>\n",
       "      <td>ENSMUSG00000033813</td>\n",
       "      <td>-0.778152</td>\n",
       "      <td>-0.891990</td>\n",
       "      <td>-0.800634</td>\n",
       "      <td>0.544081</td>\n",
       "      <td>0.069101</td>\n",
       "      <td>0.018377</td>\n",
       "      <td>-0.786339</td>\n",
       "      <td>-0.490742</td>\n",
       "      <td>-0.738630</td>\n",
       "      <td>0.712161</td>\n",
       "      <td>0.234588</td>\n",
       "      <td>0.254382</td>\n",
       "      <td>-0.551997</td>\n",
       "      <td>-0.192470</td>\n",
       "      <td>-0.450520</td>\n",
       "      <td>-0.441961</td>\n",
       "      <td>-0.456226</td>\n",
       "      <td>-0.535802</td>\n",
       "    </tr>\n",
       "    <tr>\n",
       "      <th>3</th>\n",
       "      <td>ENSMUSG00000033793</td>\n",
       "      <td>0.316783</td>\n",
       "      <td>0.135992</td>\n",
       "      <td>0.123435</td>\n",
       "      <td>0.129438</td>\n",
       "      <td>-0.144958</td>\n",
       "      <td>-0.115774</td>\n",
       "      <td>0.380426</td>\n",
       "      <td>0.483282</td>\n",
       "      <td>0.522130</td>\n",
       "      <td>0.213479</td>\n",
       "      <td>0.218132</td>\n",
       "      <td>0.288738</td>\n",
       "      <td>0.669102</td>\n",
       "      <td>0.488850</td>\n",
       "      <td>0.553021</td>\n",
       "      <td>0.822928</td>\n",
       "      <td>0.814641</td>\n",
       "      <td>0.700139</td>\n",
       "    </tr>\n",
       "    <tr>\n",
       "      <th>4</th>\n",
       "      <td>ENSMUSG00000025907</td>\n",
       "      <td>-0.126617</td>\n",
       "      <td>-0.380597</td>\n",
       "      <td>0.116884</td>\n",
       "      <td>0.210682</td>\n",
       "      <td>0.724214</td>\n",
       "      <td>0.049875</td>\n",
       "      <td>0.039091</td>\n",
       "      <td>-0.038088</td>\n",
       "      <td>-0.124932</td>\n",
       "      <td>-0.024301</td>\n",
       "      <td>0.100487</td>\n",
       "      <td>-0.069660</td>\n",
       "      <td>-0.289022</td>\n",
       "      <td>-0.181792</td>\n",
       "      <td>-0.320579</td>\n",
       "      <td>0.006808</td>\n",
       "      <td>-0.010444</td>\n",
       "      <td>-0.130666</td>\n",
       "    </tr>\n",
       "    <tr>\n",
       "      <th>...</th>\n",
       "      <td>...</td>\n",
       "      <td>...</td>\n",
       "      <td>...</td>\n",
       "      <td>...</td>\n",
       "      <td>...</td>\n",
       "      <td>...</td>\n",
       "      <td>...</td>\n",
       "      <td>...</td>\n",
       "      <td>...</td>\n",
       "      <td>...</td>\n",
       "      <td>...</td>\n",
       "      <td>...</td>\n",
       "      <td>...</td>\n",
       "      <td>...</td>\n",
       "      <td>...</td>\n",
       "      <td>...</td>\n",
       "      <td>...</td>\n",
       "      <td>...</td>\n",
       "      <td>...</td>\n",
       "    </tr>\n",
       "    <tr>\n",
       "      <th>4754</th>\n",
       "      <td>ENSMUSG00000064354</td>\n",
       "      <td>4.461964</td>\n",
       "      <td>2.063368</td>\n",
       "      <td>2.632909</td>\n",
       "      <td>6.129869</td>\n",
       "      <td>2.134635</td>\n",
       "      <td>1.628304</td>\n",
       "      <td>0.670201</td>\n",
       "      <td>0.380120</td>\n",
       "      <td>0.682348</td>\n",
       "      <td>1.468214</td>\n",
       "      <td>1.980657</td>\n",
       "      <td>1.266738</td>\n",
       "      <td>0.921200</td>\n",
       "      <td>0.338995</td>\n",
       "      <td>0.722313</td>\n",
       "      <td>0.886786</td>\n",
       "      <td>0.904438</td>\n",
       "      <td>0.718910</td>\n",
       "    </tr>\n",
       "    <tr>\n",
       "      <th>4755</th>\n",
       "      <td>ENSMUSG00000064356</td>\n",
       "      <td>3.325070</td>\n",
       "      <td>4.641869</td>\n",
       "      <td>5.823179</td>\n",
       "      <td>4.083057</td>\n",
       "      <td>2.851613</td>\n",
       "      <td>2.412215</td>\n",
       "      <td>1.352823</td>\n",
       "      <td>0.851509</td>\n",
       "      <td>1.522738</td>\n",
       "      <td>0.945549</td>\n",
       "      <td>0.574701</td>\n",
       "      <td>0.832563</td>\n",
       "      <td>1.392260</td>\n",
       "      <td>0.687299</td>\n",
       "      <td>1.375454</td>\n",
       "      <td>1.606070</td>\n",
       "      <td>1.616566</td>\n",
       "      <td>1.424375</td>\n",
       "    </tr>\n",
       "    <tr>\n",
       "      <th>4756</th>\n",
       "      <td>ENSMUSG00000064363</td>\n",
       "      <td>2.152629</td>\n",
       "      <td>1.141832</td>\n",
       "      <td>1.738168</td>\n",
       "      <td>2.585853</td>\n",
       "      <td>2.088923</td>\n",
       "      <td>1.974449</td>\n",
       "      <td>0.312344</td>\n",
       "      <td>0.959571</td>\n",
       "      <td>0.692101</td>\n",
       "      <td>0.821662</td>\n",
       "      <td>1.176212</td>\n",
       "      <td>0.699861</td>\n",
       "      <td>1.176699</td>\n",
       "      <td>0.481403</td>\n",
       "      <td>1.085957</td>\n",
       "      <td>1.169379</td>\n",
       "      <td>1.389643</td>\n",
       "      <td>1.201686</td>\n",
       "    </tr>\n",
       "    <tr>\n",
       "      <th>4757</th>\n",
       "      <td>ENSMUSG00000064367</td>\n",
       "      <td>1.174141</td>\n",
       "      <td>0.893794</td>\n",
       "      <td>1.794937</td>\n",
       "      <td>1.746084</td>\n",
       "      <td>1.779085</td>\n",
       "      <td>1.404661</td>\n",
       "      <td>0.544284</td>\n",
       "      <td>1.092034</td>\n",
       "      <td>0.970458</td>\n",
       "      <td>0.919780</td>\n",
       "      <td>1.408120</td>\n",
       "      <td>0.893956</td>\n",
       "      <td>0.956527</td>\n",
       "      <td>0.701368</td>\n",
       "      <td>0.813769</td>\n",
       "      <td>1.245336</td>\n",
       "      <td>1.252062</td>\n",
       "      <td>1.053521</td>\n",
       "    </tr>\n",
       "    <tr>\n",
       "      <th>4758</th>\n",
       "      <td>ENSMUSG00000064370</td>\n",
       "      <td>1.894551</td>\n",
       "      <td>1.270995</td>\n",
       "      <td>1.578383</td>\n",
       "      <td>1.638167</td>\n",
       "      <td>1.332370</td>\n",
       "      <td>1.291845</td>\n",
       "      <td>0.244252</td>\n",
       "      <td>0.924000</td>\n",
       "      <td>0.836155</td>\n",
       "      <td>-0.084705</td>\n",
       "      <td>0.331172</td>\n",
       "      <td>0.124640</td>\n",
       "      <td>1.401491</td>\n",
       "      <td>1.044608</td>\n",
       "      <td>1.024675</td>\n",
       "      <td>1.673098</td>\n",
       "      <td>1.862424</td>\n",
       "      <td>1.452737</td>\n",
       "    </tr>\n",
       "  </tbody>\n",
       "</table>\n",
       "<p>4759 rows × 19 columns</p>\n",
       "</div>"
      ],
      "text/plain": [
       "                 gene_id       R4a       R4b       R4c       R8a       R8b  \\\n",
       "0     ENSMUSG00000033845  2.328807  1.240543  2.190597  2.424463  2.546298   \n",
       "1     ENSMUSG00000025903  0.906135  0.151299  0.634721  1.300843  0.700849   \n",
       "2     ENSMUSG00000033813 -0.778152 -0.891990 -0.800634  0.544081  0.069101   \n",
       "3     ENSMUSG00000033793  0.316783  0.135992  0.123435  0.129438 -0.144958   \n",
       "4     ENSMUSG00000025907 -0.126617 -0.380597  0.116884  0.210682  0.724214   \n",
       "...                  ...       ...       ...       ...       ...       ...   \n",
       "4754  ENSMUSG00000064354  4.461964  2.063368  2.632909  6.129869  2.134635   \n",
       "4755  ENSMUSG00000064356  3.325070  4.641869  5.823179  4.083057  2.851613   \n",
       "4756  ENSMUSG00000064363  2.152629  1.141832  1.738168  2.585853  2.088923   \n",
       "4757  ENSMUSG00000064367  1.174141  0.893794  1.794937  1.746084  1.779085   \n",
       "4758  ENSMUSG00000064370  1.894551  1.270995  1.578383  1.638167  1.332370   \n",
       "\n",
       "           R8c       P4a       P4b       P4c       P8a       P8b       P8c  \\\n",
       "0     2.222109  1.657804  1.171514  1.997305  2.082672  2.105181  1.858454   \n",
       "1     0.680691  0.711222  0.614390  0.798206  0.835895  0.862427  0.345544   \n",
       "2     0.018377 -0.786339 -0.490742 -0.738630  0.712161  0.234588  0.254382   \n",
       "3    -0.115774  0.380426  0.483282  0.522130  0.213479  0.218132  0.288738   \n",
       "4     0.049875  0.039091 -0.038088 -0.124932 -0.024301  0.100487 -0.069660   \n",
       "...        ...       ...       ...       ...       ...       ...       ...   \n",
       "4754  1.628304  0.670201  0.380120  0.682348  1.468214  1.980657  1.266738   \n",
       "4755  2.412215  1.352823  0.851509  1.522738  0.945549  0.574701  0.832563   \n",
       "4756  1.974449  0.312344  0.959571  0.692101  0.821662  1.176212  0.699861   \n",
       "4757  1.404661  0.544284  1.092034  0.970458  0.919780  1.408120  0.893956   \n",
       "4758  1.291845  0.244252  0.924000  0.836155 -0.084705  0.331172  0.124640   \n",
       "\n",
       "          PT4a      PT4b      PT4c      PT8a      PT8b      PT8c  \n",
       "0     1.184846  0.621893  1.141637  1.027750  1.049786  0.911146  \n",
       "1     0.362965  0.192166  0.237856  0.711028  0.791022  0.580828  \n",
       "2    -0.551997 -0.192470 -0.450520 -0.441961 -0.456226 -0.535802  \n",
       "3     0.669102  0.488850  0.553021  0.822928  0.814641  0.700139  \n",
       "4    -0.289022 -0.181792 -0.320579  0.006808 -0.010444 -0.130666  \n",
       "...        ...       ...       ...       ...       ...       ...  \n",
       "4754  0.921200  0.338995  0.722313  0.886786  0.904438  0.718910  \n",
       "4755  1.392260  0.687299  1.375454  1.606070  1.616566  1.424375  \n",
       "4756  1.176699  0.481403  1.085957  1.169379  1.389643  1.201686  \n",
       "4757  0.956527  0.701368  0.813769  1.245336  1.252062  1.053521  \n",
       "4758  1.401491  1.044608  1.024675  1.673098  1.862424  1.452737  \n",
       "\n",
       "[4759 rows x 19 columns]"
      ]
     },
     "metadata": {},
     "output_type": "display_data"
    }
   ],
   "source": [
    "RNA_logFC = pd.read_csv(f'{Project}/Results/Tables/CPM_RD_calculation/v20221217/adi_RNA_log2FC.tsv', sep='\\t').drop(columns='gene_name')\n",
    "RNA_logFC['gene_id'] = RNA_logFC['gene_id'].str.split('.').str[0]\n",
    "\n",
    "RPF_logFC = pd.read_csv(f'{Project}/Results/Tables/CPM_RD_calculation/v20221217/adi_RPF_log2FC.tsv', sep='\\t').drop(columns='gene_name')\n",
    "RPF_logFC['gene_id'] = RPF_logFC['gene_id'].str.split('.').str[0]\n",
    "\n",
    "PT_logFC = pd.read_csv(f'{Project}/Results/Tables/Proteome/PT_Norm_FC_calculation/v20240403/adi_PT_log2FC.tsv', sep='\\t')\n",
    "PT_conv = pd.read_csv(f'{Project}/Results/Tables/Proteome/adi_proteome_logExp_geneid.tsv', sep='\\t', usecols=('uniprot_id','gene_id'))\n",
    "PT_logFC = pd.merge(PT_conv, PT_logFC, on='uniprot_id').drop(columns='uniprot_id')\n",
    "\n",
    "logFC = pd.merge(RNA_logFC, RPF_logFC, on='gene_id')\n",
    "logFC = pd.merge(logFC, PT_logFC, on='gene_id')\n",
    "\n",
    "display(logFC)"
   ]
  },
  {
   "cell_type": "code",
   "execution_count": 17,
   "metadata": {},
   "outputs": [
    {
     "data": {
      "text/html": [
       "<div>\n",
       "<style scoped>\n",
       "    .dataframe tbody tr th:only-of-type {\n",
       "        vertical-align: middle;\n",
       "    }\n",
       "\n",
       "    .dataframe tbody tr th {\n",
       "        vertical-align: top;\n",
       "    }\n",
       "\n",
       "    .dataframe thead th {\n",
       "        text-align: right;\n",
       "    }\n",
       "</style>\n",
       "<table border=\"1\" class=\"dataframe\">\n",
       "  <thead>\n",
       "    <tr style=\"text-align: right;\">\n",
       "      <th></th>\n",
       "      <th>R4a</th>\n",
       "      <th>R4b</th>\n",
       "      <th>R4c</th>\n",
       "      <th>P4a</th>\n",
       "      <th>P4b</th>\n",
       "      <th>P4c</th>\n",
       "      <th>PT4a</th>\n",
       "      <th>PT4b</th>\n",
       "      <th>PT4c</th>\n",
       "      <th>R8a</th>\n",
       "      <th>R8b</th>\n",
       "      <th>R8c</th>\n",
       "      <th>P8a</th>\n",
       "      <th>P8b</th>\n",
       "      <th>P8c</th>\n",
       "      <th>PT8a</th>\n",
       "      <th>PT8b</th>\n",
       "      <th>PT8c</th>\n",
       "    </tr>\n",
       "  </thead>\n",
       "  <tbody>\n",
       "    <tr>\n",
       "      <th>R4a</th>\n",
       "      <td>1.000000</td>\n",
       "      <td>0.933532</td>\n",
       "      <td>0.984484</td>\n",
       "      <td>0.954057</td>\n",
       "      <td>0.902126</td>\n",
       "      <td>0.950844</td>\n",
       "      <td>0.785659</td>\n",
       "      <td>0.727439</td>\n",
       "      <td>0.792241</td>\n",
       "      <td>0.941780</td>\n",
       "      <td>0.941818</td>\n",
       "      <td>0.952151</td>\n",
       "      <td>0.908845</td>\n",
       "      <td>0.903200</td>\n",
       "      <td>0.905986</td>\n",
       "      <td>0.768499</td>\n",
       "      <td>0.755896</td>\n",
       "      <td>0.774618</td>\n",
       "    </tr>\n",
       "    <tr>\n",
       "      <th>R4b</th>\n",
       "      <td>0.933532</td>\n",
       "      <td>1.000000</td>\n",
       "      <td>0.947012</td>\n",
       "      <td>0.903125</td>\n",
       "      <td>0.945568</td>\n",
       "      <td>0.905397</td>\n",
       "      <td>0.737072</td>\n",
       "      <td>0.749843</td>\n",
       "      <td>0.753360</td>\n",
       "      <td>0.856962</td>\n",
       "      <td>0.863763</td>\n",
       "      <td>0.876498</td>\n",
       "      <td>0.816749</td>\n",
       "      <td>0.814861</td>\n",
       "      <td>0.827939</td>\n",
       "      <td>0.691602</td>\n",
       "      <td>0.681590</td>\n",
       "      <td>0.709754</td>\n",
       "    </tr>\n",
       "    <tr>\n",
       "      <th>R4c</th>\n",
       "      <td>0.984484</td>\n",
       "      <td>0.947012</td>\n",
       "      <td>1.000000</td>\n",
       "      <td>0.957430</td>\n",
       "      <td>0.919908</td>\n",
       "      <td>0.961206</td>\n",
       "      <td>0.789984</td>\n",
       "      <td>0.739065</td>\n",
       "      <td>0.801130</td>\n",
       "      <td>0.922473</td>\n",
       "      <td>0.920222</td>\n",
       "      <td>0.943848</td>\n",
       "      <td>0.898576</td>\n",
       "      <td>0.895270</td>\n",
       "      <td>0.903798</td>\n",
       "      <td>0.765933</td>\n",
       "      <td>0.753750</td>\n",
       "      <td>0.775986</td>\n",
       "    </tr>\n",
       "    <tr>\n",
       "      <th>P4a</th>\n",
       "      <td>0.954057</td>\n",
       "      <td>0.903125</td>\n",
       "      <td>0.957430</td>\n",
       "      <td>1.000000</td>\n",
       "      <td>0.932358</td>\n",
       "      <td>0.981892</td>\n",
       "      <td>0.815262</td>\n",
       "      <td>0.758586</td>\n",
       "      <td>0.819933</td>\n",
       "      <td>0.901107</td>\n",
       "      <td>0.887243</td>\n",
       "      <td>0.905028</td>\n",
       "      <td>0.935173</td>\n",
       "      <td>0.928084</td>\n",
       "      <td>0.935523</td>\n",
       "      <td>0.800611</td>\n",
       "      <td>0.788516</td>\n",
       "      <td>0.805132</td>\n",
       "    </tr>\n",
       "    <tr>\n",
       "      <th>P4b</th>\n",
       "      <td>0.902126</td>\n",
       "      <td>0.945568</td>\n",
       "      <td>0.919908</td>\n",
       "      <td>0.932358</td>\n",
       "      <td>1.000000</td>\n",
       "      <td>0.940666</td>\n",
       "      <td>0.793173</td>\n",
       "      <td>0.809524</td>\n",
       "      <td>0.806469</td>\n",
       "      <td>0.820956</td>\n",
       "      <td>0.811719</td>\n",
       "      <td>0.832951</td>\n",
       "      <td>0.832097</td>\n",
       "      <td>0.842707</td>\n",
       "      <td>0.847442</td>\n",
       "      <td>0.734423</td>\n",
       "      <td>0.727084</td>\n",
       "      <td>0.754170</td>\n",
       "    </tr>\n",
       "    <tr>\n",
       "      <th>P4c</th>\n",
       "      <td>0.950844</td>\n",
       "      <td>0.905397</td>\n",
       "      <td>0.961206</td>\n",
       "      <td>0.981892</td>\n",
       "      <td>0.940666</td>\n",
       "      <td>1.000000</td>\n",
       "      <td>0.821013</td>\n",
       "      <td>0.768868</td>\n",
       "      <td>0.829540</td>\n",
       "      <td>0.886135</td>\n",
       "      <td>0.877082</td>\n",
       "      <td>0.897479</td>\n",
       "      <td>0.914366</td>\n",
       "      <td>0.913270</td>\n",
       "      <td>0.932454</td>\n",
       "      <td>0.792994</td>\n",
       "      <td>0.782646</td>\n",
       "      <td>0.803124</td>\n",
       "    </tr>\n",
       "    <tr>\n",
       "      <th>PT4a</th>\n",
       "      <td>0.785659</td>\n",
       "      <td>0.737072</td>\n",
       "      <td>0.789984</td>\n",
       "      <td>0.815262</td>\n",
       "      <td>0.793173</td>\n",
       "      <td>0.821013</td>\n",
       "      <td>1.000000</td>\n",
       "      <td>0.888259</td>\n",
       "      <td>0.980416</td>\n",
       "      <td>0.715821</td>\n",
       "      <td>0.708814</td>\n",
       "      <td>0.717602</td>\n",
       "      <td>0.752439</td>\n",
       "      <td>0.751532</td>\n",
       "      <td>0.746940</td>\n",
       "      <td>0.910011</td>\n",
       "      <td>0.904078</td>\n",
       "      <td>0.918453</td>\n",
       "    </tr>\n",
       "    <tr>\n",
       "      <th>PT4b</th>\n",
       "      <td>0.727439</td>\n",
       "      <td>0.749843</td>\n",
       "      <td>0.739065</td>\n",
       "      <td>0.758586</td>\n",
       "      <td>0.809524</td>\n",
       "      <td>0.768868</td>\n",
       "      <td>0.888259</td>\n",
       "      <td>1.000000</td>\n",
       "      <td>0.893555</td>\n",
       "      <td>0.658552</td>\n",
       "      <td>0.655429</td>\n",
       "      <td>0.664350</td>\n",
       "      <td>0.688199</td>\n",
       "      <td>0.697261</td>\n",
       "      <td>0.691697</td>\n",
       "      <td>0.822399</td>\n",
       "      <td>0.840443</td>\n",
       "      <td>0.834351</td>\n",
       "    </tr>\n",
       "    <tr>\n",
       "      <th>PT4c</th>\n",
       "      <td>0.792241</td>\n",
       "      <td>0.753360</td>\n",
       "      <td>0.801130</td>\n",
       "      <td>0.819933</td>\n",
       "      <td>0.806469</td>\n",
       "      <td>0.829540</td>\n",
       "      <td>0.980416</td>\n",
       "      <td>0.893555</td>\n",
       "      <td>1.000000</td>\n",
       "      <td>0.722224</td>\n",
       "      <td>0.715659</td>\n",
       "      <td>0.728400</td>\n",
       "      <td>0.753654</td>\n",
       "      <td>0.753652</td>\n",
       "      <td>0.753815</td>\n",
       "      <td>0.906443</td>\n",
       "      <td>0.903588</td>\n",
       "      <td>0.929347</td>\n",
       "    </tr>\n",
       "    <tr>\n",
       "      <th>R8a</th>\n",
       "      <td>0.941780</td>\n",
       "      <td>0.856962</td>\n",
       "      <td>0.922473</td>\n",
       "      <td>0.901107</td>\n",
       "      <td>0.820956</td>\n",
       "      <td>0.886135</td>\n",
       "      <td>0.715821</td>\n",
       "      <td>0.658552</td>\n",
       "      <td>0.722224</td>\n",
       "      <td>1.000000</td>\n",
       "      <td>0.977638</td>\n",
       "      <td>0.978943</td>\n",
       "      <td>0.956055</td>\n",
       "      <td>0.947341</td>\n",
       "      <td>0.941038</td>\n",
       "      <td>0.765306</td>\n",
       "      <td>0.752814</td>\n",
       "      <td>0.760377</td>\n",
       "    </tr>\n",
       "    <tr>\n",
       "      <th>R8b</th>\n",
       "      <td>0.941818</td>\n",
       "      <td>0.863763</td>\n",
       "      <td>0.920222</td>\n",
       "      <td>0.887243</td>\n",
       "      <td>0.811719</td>\n",
       "      <td>0.877082</td>\n",
       "      <td>0.708814</td>\n",
       "      <td>0.655429</td>\n",
       "      <td>0.715659</td>\n",
       "      <td>0.977638</td>\n",
       "      <td>1.000000</td>\n",
       "      <td>0.977839</td>\n",
       "      <td>0.938305</td>\n",
       "      <td>0.935710</td>\n",
       "      <td>0.921088</td>\n",
       "      <td>0.753771</td>\n",
       "      <td>0.743471</td>\n",
       "      <td>0.747262</td>\n",
       "    </tr>\n",
       "    <tr>\n",
       "      <th>R8c</th>\n",
       "      <td>0.952151</td>\n",
       "      <td>0.876498</td>\n",
       "      <td>0.943848</td>\n",
       "      <td>0.905028</td>\n",
       "      <td>0.832951</td>\n",
       "      <td>0.897479</td>\n",
       "      <td>0.717602</td>\n",
       "      <td>0.664350</td>\n",
       "      <td>0.728400</td>\n",
       "      <td>0.978943</td>\n",
       "      <td>0.977839</td>\n",
       "      <td>1.000000</td>\n",
       "      <td>0.940165</td>\n",
       "      <td>0.932148</td>\n",
       "      <td>0.941152</td>\n",
       "      <td>0.763944</td>\n",
       "      <td>0.750167</td>\n",
       "      <td>0.765597</td>\n",
       "    </tr>\n",
       "    <tr>\n",
       "      <th>P8a</th>\n",
       "      <td>0.908845</td>\n",
       "      <td>0.816749</td>\n",
       "      <td>0.898576</td>\n",
       "      <td>0.935173</td>\n",
       "      <td>0.832097</td>\n",
       "      <td>0.914366</td>\n",
       "      <td>0.752439</td>\n",
       "      <td>0.688199</td>\n",
       "      <td>0.753654</td>\n",
       "      <td>0.956055</td>\n",
       "      <td>0.938305</td>\n",
       "      <td>0.940165</td>\n",
       "      <td>1.000000</td>\n",
       "      <td>0.986603</td>\n",
       "      <td>0.974837</td>\n",
       "      <td>0.810993</td>\n",
       "      <td>0.800446</td>\n",
       "      <td>0.799534</td>\n",
       "    </tr>\n",
       "    <tr>\n",
       "      <th>P8b</th>\n",
       "      <td>0.903200</td>\n",
       "      <td>0.814861</td>\n",
       "      <td>0.895270</td>\n",
       "      <td>0.928084</td>\n",
       "      <td>0.842707</td>\n",
       "      <td>0.913270</td>\n",
       "      <td>0.751532</td>\n",
       "      <td>0.697261</td>\n",
       "      <td>0.753652</td>\n",
       "      <td>0.947341</td>\n",
       "      <td>0.935710</td>\n",
       "      <td>0.932148</td>\n",
       "      <td>0.986603</td>\n",
       "      <td>1.000000</td>\n",
       "      <td>0.970295</td>\n",
       "      <td>0.804918</td>\n",
       "      <td>0.798368</td>\n",
       "      <td>0.794316</td>\n",
       "    </tr>\n",
       "    <tr>\n",
       "      <th>P8c</th>\n",
       "      <td>0.905986</td>\n",
       "      <td>0.827939</td>\n",
       "      <td>0.903798</td>\n",
       "      <td>0.935523</td>\n",
       "      <td>0.847442</td>\n",
       "      <td>0.932454</td>\n",
       "      <td>0.746940</td>\n",
       "      <td>0.691697</td>\n",
       "      <td>0.753815</td>\n",
       "      <td>0.941038</td>\n",
       "      <td>0.921088</td>\n",
       "      <td>0.941152</td>\n",
       "      <td>0.974837</td>\n",
       "      <td>0.970295</td>\n",
       "      <td>1.000000</td>\n",
       "      <td>0.804764</td>\n",
       "      <td>0.792847</td>\n",
       "      <td>0.802707</td>\n",
       "    </tr>\n",
       "    <tr>\n",
       "      <th>PT8a</th>\n",
       "      <td>0.768499</td>\n",
       "      <td>0.691602</td>\n",
       "      <td>0.765933</td>\n",
       "      <td>0.800611</td>\n",
       "      <td>0.734423</td>\n",
       "      <td>0.792994</td>\n",
       "      <td>0.910011</td>\n",
       "      <td>0.822399</td>\n",
       "      <td>0.906443</td>\n",
       "      <td>0.765306</td>\n",
       "      <td>0.753771</td>\n",
       "      <td>0.763944</td>\n",
       "      <td>0.810993</td>\n",
       "      <td>0.804918</td>\n",
       "      <td>0.804764</td>\n",
       "      <td>1.000000</td>\n",
       "      <td>0.987861</td>\n",
       "      <td>0.983474</td>\n",
       "    </tr>\n",
       "    <tr>\n",
       "      <th>PT8b</th>\n",
       "      <td>0.755896</td>\n",
       "      <td>0.681590</td>\n",
       "      <td>0.753750</td>\n",
       "      <td>0.788516</td>\n",
       "      <td>0.727084</td>\n",
       "      <td>0.782646</td>\n",
       "      <td>0.904078</td>\n",
       "      <td>0.840443</td>\n",
       "      <td>0.903588</td>\n",
       "      <td>0.752814</td>\n",
       "      <td>0.743471</td>\n",
       "      <td>0.750167</td>\n",
       "      <td>0.800446</td>\n",
       "      <td>0.798368</td>\n",
       "      <td>0.792847</td>\n",
       "      <td>0.987861</td>\n",
       "      <td>1.000000</td>\n",
       "      <td>0.977562</td>\n",
       "    </tr>\n",
       "    <tr>\n",
       "      <th>PT8c</th>\n",
       "      <td>0.774618</td>\n",
       "      <td>0.709754</td>\n",
       "      <td>0.775986</td>\n",
       "      <td>0.805132</td>\n",
       "      <td>0.754170</td>\n",
       "      <td>0.803124</td>\n",
       "      <td>0.918453</td>\n",
       "      <td>0.834351</td>\n",
       "      <td>0.929347</td>\n",
       "      <td>0.760377</td>\n",
       "      <td>0.747262</td>\n",
       "      <td>0.765597</td>\n",
       "      <td>0.799534</td>\n",
       "      <td>0.794316</td>\n",
       "      <td>0.802707</td>\n",
       "      <td>0.983474</td>\n",
       "      <td>0.977562</td>\n",
       "      <td>1.000000</td>\n",
       "    </tr>\n",
       "  </tbody>\n",
       "</table>\n",
       "</div>"
      ],
      "text/plain": [
       "           R4a       R4b       R4c       P4a       P4b       P4c      PT4a  \\\n",
       "R4a   1.000000  0.933532  0.984484  0.954057  0.902126  0.950844  0.785659   \n",
       "R4b   0.933532  1.000000  0.947012  0.903125  0.945568  0.905397  0.737072   \n",
       "R4c   0.984484  0.947012  1.000000  0.957430  0.919908  0.961206  0.789984   \n",
       "P4a   0.954057  0.903125  0.957430  1.000000  0.932358  0.981892  0.815262   \n",
       "P4b   0.902126  0.945568  0.919908  0.932358  1.000000  0.940666  0.793173   \n",
       "P4c   0.950844  0.905397  0.961206  0.981892  0.940666  1.000000  0.821013   \n",
       "PT4a  0.785659  0.737072  0.789984  0.815262  0.793173  0.821013  1.000000   \n",
       "PT4b  0.727439  0.749843  0.739065  0.758586  0.809524  0.768868  0.888259   \n",
       "PT4c  0.792241  0.753360  0.801130  0.819933  0.806469  0.829540  0.980416   \n",
       "R8a   0.941780  0.856962  0.922473  0.901107  0.820956  0.886135  0.715821   \n",
       "R8b   0.941818  0.863763  0.920222  0.887243  0.811719  0.877082  0.708814   \n",
       "R8c   0.952151  0.876498  0.943848  0.905028  0.832951  0.897479  0.717602   \n",
       "P8a   0.908845  0.816749  0.898576  0.935173  0.832097  0.914366  0.752439   \n",
       "P8b   0.903200  0.814861  0.895270  0.928084  0.842707  0.913270  0.751532   \n",
       "P8c   0.905986  0.827939  0.903798  0.935523  0.847442  0.932454  0.746940   \n",
       "PT8a  0.768499  0.691602  0.765933  0.800611  0.734423  0.792994  0.910011   \n",
       "PT8b  0.755896  0.681590  0.753750  0.788516  0.727084  0.782646  0.904078   \n",
       "PT8c  0.774618  0.709754  0.775986  0.805132  0.754170  0.803124  0.918453   \n",
       "\n",
       "          PT4b      PT4c       R8a       R8b       R8c       P8a       P8b  \\\n",
       "R4a   0.727439  0.792241  0.941780  0.941818  0.952151  0.908845  0.903200   \n",
       "R4b   0.749843  0.753360  0.856962  0.863763  0.876498  0.816749  0.814861   \n",
       "R4c   0.739065  0.801130  0.922473  0.920222  0.943848  0.898576  0.895270   \n",
       "P4a   0.758586  0.819933  0.901107  0.887243  0.905028  0.935173  0.928084   \n",
       "P4b   0.809524  0.806469  0.820956  0.811719  0.832951  0.832097  0.842707   \n",
       "P4c   0.768868  0.829540  0.886135  0.877082  0.897479  0.914366  0.913270   \n",
       "PT4a  0.888259  0.980416  0.715821  0.708814  0.717602  0.752439  0.751532   \n",
       "PT4b  1.000000  0.893555  0.658552  0.655429  0.664350  0.688199  0.697261   \n",
       "PT4c  0.893555  1.000000  0.722224  0.715659  0.728400  0.753654  0.753652   \n",
       "R8a   0.658552  0.722224  1.000000  0.977638  0.978943  0.956055  0.947341   \n",
       "R8b   0.655429  0.715659  0.977638  1.000000  0.977839  0.938305  0.935710   \n",
       "R8c   0.664350  0.728400  0.978943  0.977839  1.000000  0.940165  0.932148   \n",
       "P8a   0.688199  0.753654  0.956055  0.938305  0.940165  1.000000  0.986603   \n",
       "P8b   0.697261  0.753652  0.947341  0.935710  0.932148  0.986603  1.000000   \n",
       "P8c   0.691697  0.753815  0.941038  0.921088  0.941152  0.974837  0.970295   \n",
       "PT8a  0.822399  0.906443  0.765306  0.753771  0.763944  0.810993  0.804918   \n",
       "PT8b  0.840443  0.903588  0.752814  0.743471  0.750167  0.800446  0.798368   \n",
       "PT8c  0.834351  0.929347  0.760377  0.747262  0.765597  0.799534  0.794316   \n",
       "\n",
       "           P8c      PT8a      PT8b      PT8c  \n",
       "R4a   0.905986  0.768499  0.755896  0.774618  \n",
       "R4b   0.827939  0.691602  0.681590  0.709754  \n",
       "R4c   0.903798  0.765933  0.753750  0.775986  \n",
       "P4a   0.935523  0.800611  0.788516  0.805132  \n",
       "P4b   0.847442  0.734423  0.727084  0.754170  \n",
       "P4c   0.932454  0.792994  0.782646  0.803124  \n",
       "PT4a  0.746940  0.910011  0.904078  0.918453  \n",
       "PT4b  0.691697  0.822399  0.840443  0.834351  \n",
       "PT4c  0.753815  0.906443  0.903588  0.929347  \n",
       "R8a   0.941038  0.765306  0.752814  0.760377  \n",
       "R8b   0.921088  0.753771  0.743471  0.747262  \n",
       "R8c   0.941152  0.763944  0.750167  0.765597  \n",
       "P8a   0.974837  0.810993  0.800446  0.799534  \n",
       "P8b   0.970295  0.804918  0.798368  0.794316  \n",
       "P8c   1.000000  0.804764  0.792847  0.802707  \n",
       "PT8a  0.804764  1.000000  0.987861  0.983474  \n",
       "PT8b  0.792847  0.987861  1.000000  0.977562  \n",
       "PT8c  0.802707  0.983474  0.977562  1.000000  "
      ]
     },
     "metadata": {},
     "output_type": "display_data"
    }
   ],
   "source": [
    "order = [LIB+day+rep for day in ['4','8'] for LIB in ['R','P','PT'] for rep in ['a','b','c']]\n",
    "\n",
    "corr = {A:[1 if A==B else pearsonr(logFC[A], logFC[B])[0] for B in order] for A in order} # Pearson r\n",
    "corr = pd.DataFrame(corr, index=order)\n",
    "\n",
    "display(corr)"
   ]
  },
  {
   "cell_type": "code",
   "execution_count": 24,
   "metadata": {},
   "outputs": [
    {
     "name": "stderr",
     "output_type": "stream",
     "text": [
      "/var/folders/ct/z73cq4_j2g5612tltg_pmxxc0000gn/T/ipykernel_18951/3427726545.py:1: MatplotlibDeprecationWarning: The get_cmap function was deprecated in Matplotlib 3.7 and will be removed two minor releases later. Use ``matplotlib.colormaps[name]`` or ``matplotlib.colormaps.get_cmap(obj)`` instead.\n",
      "  using_cm = copy.copy(cm.get_cmap(\"Reds\")) # Reds plasma\n"
     ]
    },
    {
     "data": {
      "text/plain": [
       "<Figure size 640x480 with 0 Axes>"
      ]
     },
     "metadata": {},
     "output_type": "display_data"
    },
    {
     "data": {
